-10.5117,-41.5818,-12.6199,

0.986012,0.109801,0.125393,0,
-0.097059,0.989874,-0.103579,0,
-0.135496,0.0899594,0.986685,0,

-10.5534,-41.5813,-12.6458,

0.986254,0.106716,0.126157,0,
-0.0943758,0.990496,-0.100058,0,
-0.135636,0.086776,0.986951,0,

-10.5534,-41.5813,-12.6458,

0.986254,0.106716,0.126157,0,
-0.0943758,0.990496,-0.100058,0,
-0.135636,0.086776,0.986951,0,

-10.5534,-41.5813,-12.6458,

0.987011,0.10686,0.119959,0,
-0.0951469,0.990481,-0.0994658,0,
-0.129446,0.0867601,0.987784,0,

-10.5534,-41.5813,-12.6458,

0.986545,0.103603,0.126471,0,
-0.0912769,0.990826,-0.0996608,0,
-0.135636,0.086776,0.986951,0,

-10.5745,-41.5813,-12.6463,

0.986248,0.106716,0.126204,0,
-0.094371,0.990496,-0.100062,0,
-0.135683,0.086776,0.986945,0,

-10.5745,-41.5813,-12.6463,

0.986539,0.103603,0.126518,0,
-0.0912722,0.990826,-0.0996651,0,
-0.135683,0.086776,0.986945,0,

-10.5739,-41.5807,-12.6713,

0.986282,0.109924,0.123148,0,
-0.0982714,0.990419,-0.0970165,0,
-0.132632,0.0835837,0.987635,0,

-10.595,-41.5807,-12.6718,

0.98665,0.109996,0.120096,0,
-0.0986434,0.990412,-0.0967136,0,
-0.129583,0.0835758,0.98804,0,

-10.6161,-41.5807,-12.6723,

0.986574,0.106812,0.123546,0,
-0.0951633,0.99076,-0.0966381,0,
-0.132726,0.0835837,0.987622,0,

-10.6161,-41.5807,-12.6723,

0.986994,0.106855,0.120106,0,
-0.095134,0.990487,-0.0994252,0,
-0.129587,0.086706,0.98777,0,

-10.6155,-41.5801,-12.6973,

0.986619,0.106777,0.123211,0,
-0.0947502,0.990499,-0.0996676,0,
-0.132683,0.0866597,0.987363,0,

-10.6583,-41.5558,-12.671,

0.986856,0.103699,0.123942,0,
-0.0920543,0.99109,-0.0962583,0,
-0.13282,0.0835837,0.98761,0,

-10.6597,-41.4823,-12.6143,

0.98647,0.103638,0.12703,0,
-0.0916765,0.991087,-0.0966533,0,
-0.135915,0.0836999,0.987179,0,

-10.6584,-41.5309,-12.6688,

0.986223,0.10671,0.126397,0,
-0.0943533,0.990501,-0.100026,0,
-0.13587,0.0867219,0.986924,0,

-10.6794,-41.5807,-12.6738,

0.986299,0.109894,0.123032,0,
-0.0978337,0.990154,-0.100122,0,
-0.132823,0.0867138,0.987339,0,

-10.6999,-41.5801,-12.6993,

0.986596,0.106777,0.123398,0,
-0.0947312,0.990499,-0.0996856,0,
-0.13287,0.0866597,0.987338,0,

-10.6994,-41.5298,-12.7197,

0.986844,0.103688,0.124047,0,
-0.0920477,0.991101,-0.0961588,0,
-0.132914,0.0834754,0.987606,0,

-10.7422,-41.5303,-12.6958,

0.986832,0.103693,0.124135,0,
-0.0920373,0.991096,-0.0962216,0,
-0.133007,0.0835295,0.987589,0,

-10.7416,-41.5298,-12.7207,

0.987297,0.103702,0.120379,0,
-0.0916016,0.990553,-0.10205,0,
-0.129825,0.0897271,0.987469,0,

-10.7627,-41.5049,-12.719,

0.985844,0.10984,0.126678,0,
-0.0978549,0.990437,-0.0972564,0,
-0.136149,0.0834836,0.987165,0,

-10.7621,-41.5292,-12.7462,

0.986578,0.106766,0.12355,0,
-0.0947197,0.99051,-0.0995909,0,
-0.133011,0.0865515,0.987328,0,

-10.7826,-41.5286,-12.7717,

0.985837,0.109829,0.126737,0,
-0.0978529,0.990447,-0.0971529,0,
-0.136197,0.0833754,0.987167,0,

-10.782,-41.528,-12.7966,

0.985837,0.109823,0.126743,0,
-0.0978542,0.990453,-0.0970988,0,
-0.136197,0.0833213,0.987172,0,

-10.8031,-41.5031,-12.7949,

0.985879,0.109793,0.12644,0,
-0.0974244,0.990188,-0.100184,0,
-0.136199,0.0864515,0.986902,0,

-10.8031,-41.5031,-12.7949,

0.98652,0.106784,0.123996,0,
-0.0951286,0.990786,-0.0964082,0,
-0.133149,0.0833131,0.987588,0,

-10.8031,-41.5031,-12.7949,

0.986181,0.106682,0.126754,0,
-0.0943267,0.990528,-0.0997868,0,
-0.136199,0.0864515,0.986902,0,

-10.8235,-41.5274,-12.8226,

0.985873,0.109788,0.126493,0,
-0.0974209,0.990193,-0.100135,0,
-0.136246,0.0863974,0.986901,0,

-10.823,-41.502,-12.8453,

0.98656,0.106744,0.123714,0,
-0.0947108,0.990531,-0.099388,0,
-0.133152,0.0863351,0.987328,0,

-10.8652,-41.502,-12.8463,

0.986548,0.106744,0.123808,0,
-0.0947013,0.990531,-0.099397,0,
-0.133246,0.0863351,0.987315,0,

-10.8441,-41.502,-12.8458,

0.986121,0.1067,0.127199,0,
-0.0947455,0.990803,-0.0966054,0,
-0.136337,0.0832131,0.987161,0,

-10.8652,-41.502,-12.8463,

0.986502,0.106774,0.124148,0,
-0.0951175,0.990796,-0.0963136,0,
-0.133289,0.0832049,0.987578,0,

-10.8646,-41.5014,-12.8713,

0.986548,0.106739,0.123814,0,
-0.0947026,0.990536,-0.0993429,0,
-0.133246,0.086281,0.98732,0,

-10.864,-41.5008,-12.8963,

0.986796,0.103649,0.124462,0,
-0.0920205,0.991137,-0.0958148,0,
-0.13329,0.0830966,0.987587,0,

-10.885,-41.5008,-12.8968,

0.987168,0.103723,0.121409,0,
-0.0923904,0.99113,-0.0955314,0,
-0.13024,0.0830886,0.987995,0,

-10.885,-41.5008,-12.8968,

0.985855,0.109771,0.126651,0,
-0.0974106,0.990209,-0.0999867,0,
-0.136387,0.0862352,0.986895,0,

-10.885,-41.5008,-12.8968,

0.986496,0.106763,0.124207,0,
-0.0951155,0.990806,-0.0962098,0,
-0.133337,0.0830966,0.987581,0,

-10.9055,-41.5002,-12.9223,

0.98649,0.106757,0.12426,0,
-0.0951123,0.990811,-0.0961602,0,
-0.133384,0.0830425,0.987579,0,

-10.9049,-41.4996,-12.9472,

0.985849,0.10976,0.12671,0,
-0.0974086,0.99022,-0.0998831,0,
-0.136434,0.086127,0.986898,0,

-10.9049,-41.4996,-12.9472,

0.9858,0.10979,0.12706,0,
-0.0978345,0.990484,-0.0968021,0,
-0.136478,0.0829967,0.98716,0,

-10.9254,-41.499,-12.9727,

0.986733,0.10366,0.12495,0,
-0.0924277,0.991406,-0.0925802,0,
-0.133473,0.0798031,0.987834,0,

-10.9254,-41.499,-12.9727,

0.985842,0.109754,0.126763,0,
-0.0974051,0.990225,-0.0998337,0,
-0.136481,0.0860729,0.986896,0,

-10.9254,-41.499,-12.9727,

0.987156,0.103707,0.121519,0,
-0.0923853,0.991145,-0.0953778,0,
-0.130335,0.0829262,0.987996,0,

-10.9254,-41.499,-12.9727,

0.985342,0.106494,0.133268,0,
-0.0935322,0.990579,-0.100021,0,
-0.142664,0.0860903,0.98602,0,

-10.9248,-41.4984,-12.9977,

0.985842,0.109749,0.126769,0,
-0.0974065,0.99023,-0.0997796,0,
-0.136481,0.0860189,0.986901,0,

-10.9452,-41.4978,-13.0231,

0.986772,0.103622,0.124677,0,
-0.0920089,0.991162,-0.0955616,0,
-0.133478,0.082826,0.987585,0,

-10.9452,-41.4978,-13.0231,

0.986478,0.106735,0.124377,0,
-0.0951085,0.990832,-0.0959528,0,
-0.133478,0.082826,0.987585,0,

-10.9452,-41.4978,-13.0231,

0.986772,0.103622,0.124677,0,
-0.0920089,0.991162,-0.0955616,0,
-0.133478,0.082826,0.987585,0,

-10.9446,-41.4972,-13.0481,

0.986137,0.106626,0.12714,0,
-0.0943068,0.990581,-0.0992771,0,
-0.136528,0.0859107,0.986904,0,

-10.9446,-41.4972,-13.0481,

0.985836,0.109737,0.126827,0,
-0.0974044,0.990241,-0.0996761,0,
-0.136528,0.0859107,0.986904,0,

-10.9446,-41.4972,-13.0481,

0.986523,0.106701,0.124042,0,
-0.0946931,0.990573,-0.0989822,0,
-0.133434,0.0859023,0.987328,0,

-10.944,-41.4966,-13.0731,

0.985787,0.109762,0.127183,0,
-0.097832,0.990509,-0.0965409,0,
-0.136573,0.0827262,0.98717,0,

-10.944,-41.4966,-13.0731,

0.986771,0.103611,0.124689,0,
-0.0920116,0.991172,-0.0954533,0,
-0.133478,0.0827178,0.987594,0,

-10.944,-41.4966,-13.0731,

0.987106,0.103713,0.12192,0,
-0.0927934,0.991419,-0.092079,0,
-0.130423,0.0795784,0.98826,0,

-10.944,-41.4966,-13.0731,

0.98609,0.106649,0.127486,0,
-0.0947346,0.990849,-0.0961409,0,
-0.136573,0.0827262,0.98717,0,

-10.9434,-41.496,-13.098,

0.986477,0.106719,0.124394,0,
-0.0951125,0.990847,-0.0957905,0,
-0.133478,0.0826637,0.987598,0,

-10.9434,-41.496,-13.098,

0.98609,0.106644,0.127492,0,
-0.0947359,0.990854,-0.0960867,0,
-0.136573,0.0826721,0.987174,0,

-10.9428,-41.4954,-13.123,

0.985787,0.10975,0.127195,0,
-0.0978346,0.99052,-0.0964327,0,
-0.136573,0.082618,0.987179,0,

-10.9428,-41.4954,-13.123,

0.986726,0.103627,0.125031,0,
-0.0924313,0.991436,-0.0922597,0,
-0.133521,0.0794783,0.987854,0,

-10.9428,-41.4954,-13.123,

0.986477,0.106713,0.1244,0,
-0.0951139,0.990852,-0.0957364,0,
-0.133478,0.0826096,0.987603,0,

-10.9422,-41.4948,-13.148,

0.986477,0.106708,0.124406,0,
-0.0951152,0.990857,-0.0956822,0,
-0.133478,0.0825555,0.987607,0,

-10.9422,-41.4699,-13.1457,

0.986089,0.106632,0.127503,0,
-0.0947386,0.990865,-0.0959785,0,
-0.136573,0.0825639,0.987183,0,

-10.9422,-41.4699,-13.1457,

0.986477,0.106708,0.124406,0,
-0.0951152,0.990857,-0.0956822,0,
-0.133478,0.0825555,0.987607,0,

-10.9416,-41.4693,-13.1706,

0.986477,0.106702,0.124411,0,
-0.0951165,0.990862,-0.0956281,0,
-0.133478,0.0825013,0.987612,0,

-10.9205,-41.4693,-13.1701,

0.987155,0.103665,0.121565,0,
-0.0923959,0.991185,-0.0949447,0,
-0.130335,0.0824931,0.988032,0,

-10.9205,-41.4693,-13.1701,

0.986732,0.103616,0.124995,0,
-0.0924383,0.991445,-0.092147,0,
-0.133474,0.0793701,0.987869,0,

-10.9205,-41.4693,-13.1701,

0.986529,0.106674,0.124024,0,
-0.0947045,0.9906,-0.0987072,0,
-0.133388,0.0856318,0.987358,0,

-10.9199,-41.4687,-13.1951,

0.986732,0.103611,0.125001,0,
-0.0924397,0.99145,-0.0920929,0,
-0.133474,0.0793159,0.987873,0,

-10.9199,-41.4687,-13.1951,

0.986483,0.106697,0.12437,0,
-0.0951224,0.990867,-0.0955695,0,
-0.133432,0.0824472,0.987623,0,

-10.9199,-41.4687,-13.1951,

0.986483,0.106697,0.12437,0,
-0.0951224,0.990867,-0.0955695,0,
-0.133432,0.0824472,0.987623,0,

-10.92,-41.4438,-13.1928,

0.987112,0.103687,0.121901,0,
-0.0928045,0.991443,-0.0918039,0,
-0.130377,0.0793077,0.988288,0,

-10.92,-41.4438,-13.1928,

0.986529,0.106668,0.12403,0,
-0.0947058,0.990605,-0.0986531,0,
-0.133388,0.0855777,0.987362,0,

-10.9194,-41.4432,-13.2178,

0.986095,0.106616,0.127474,0,
-0.0947471,0.99088,-0.0958117,0,
-0.136527,0.0824016,0.987203,0,

-10.9194,-41.4432,-13.2178,

0.986528,0.106663,0.124036,0,
-0.0947071,0.99061,-0.098599,0,
-0.133388,0.0855236,0.987367,0,

-10.9194,-41.4432,-13.2178,

0.987111,0.103681,0.121907,0,
-0.0928058,0.991448,-0.0917497,0,
-0.130377,0.0792535,0.988292,0,

-10.9194,-41.4432,-13.2178,

0.986732,0.103605,0.125007,0,
-0.092441,0.991455,-0.0920387,0,
-0.133474,0.0792618,0.987878,0,

-10.9194,-41.4183,-13.2155,

0.987481,0.103757,0.118806,0,
-0.0931697,0.991441,-0.0914595,0,
-0.127279,0.0792455,0.988696,0,

-10.9194,-41.4183,-13.2155,

0.987111,0.103681,0.121907,0,
-0.0928058,0.991448,-0.0917497,0,
-0.130377,0.0792535,0.988292,0,

-10.9188,-41.4177,-13.2405,

0.986731,0.1036,0.125012,0,
-0.0924423,0.99146,-0.0919846,0,
-0.133474,0.0792077,0.987882,0,

-10.9188,-41.4177,-13.2405,

0.986095,0.10661,0.12748,0,
-0.0947484,0.990885,-0.0957576,0,
-0.136527,0.0823475,0.987208,0,

-10.9188,-41.4177,-13.2405,

0.986731,0.1036,0.125012,0,
-0.0924423,0.99146,-0.0919846,0,
-0.133474,0.0792077,0.987882,0,

-10.9188,-41.4177,-13.2405,

0.986482,0.106686,0.124382,0,
-0.095125,0.990878,-0.0954613,0,
-0.133432,0.082339,0.987632,0,

-10.9189,-41.3928,-13.2382,

0.986095,0.10661,0.12748,0,
-0.0947484,0.990885,-0.0957576,0,
-0.136527,0.0823475,0.987208,0,

-10.9189,-41.3928,-13.2382,

0.986731,0.1036,0.125012,0,
-0.0924423,0.99146,-0.0919846,0,
-0.133474,0.0792077,0.987882,0,

-10.9189,-41.3928,-13.2382,

0.986095,0.10661,0.12748,0,
-0.0947484,0.990885,-0.0957576,0,
-0.136527,0.0823475,0.987208,0,

-10.9189,-41.3928,-13.2382,

0.986482,0.106686,0.124382,0,
-0.095125,0.990878,-0.0954613,0,
-0.133432,0.082339,0.987632,0,

-10.9189,-41.3928,-13.2382,

0.986095,0.10661,0.12748,0,
-0.0947484,0.990885,-0.0957576,0,
-0.136527,0.0823475,0.987208,0,

-10.9189,-41.3928,-13.2382,

0.985792,0.109722,0.127178,0,
-0.0978459,0.990545,-0.0961576,0,
-0.136527,0.0823475,0.987208,0,

-10.9189,-41.3928,-13.2382,

0.987111,0.103676,0.121912,0,
-0.0928071,0.991453,-0.0916956,0,
-0.130377,0.0791994,0.988296,0,

-10.9189,-41.3928,-13.2382,

0.987111,0.103676,0.121912,0,
-0.0928071,0.991453,-0.0916956,0,
-0.130377,0.0791994,0.988296,0,

-10.9189,-41.368,-13.2359,

0.986095,0.10661,0.12748,0,
-0.0947484,0.990885,-0.0957576,0,
-0.136527,0.0823475,0.987208,0,

-10.9189,-41.368,-13.2359,

0.986482,0.106686,0.124382,0,
-0.095125,0.990878,-0.0954613,0,
-0.133432,0.082339,0.987632,0,

-10.9189,-41.368,-13.2359,

0.986731,0.1036,0.125012,0,
-0.0924423,0.99146,-0.0919846,0,
-0.133474,0.0792077,0.987882,0,

-10.9195,-41.3686,-13.211,

0.987111,0.103681,0.121907,0,
-0.0928058,0.991448,-0.0917497,0,
-0.130377,0.0792535,0.988292,0,

-10.9195,-41.3686,-13.211,

0.986776,0.103578,0.124676,0,
-0.0920241,0.991203,-0.0951242,0,
-0.133432,0.0823931,0.987627,0,

-10.9195,-41.3686,-13.211,

0.986482,0.106692,0.124376,0,
-0.0951237,0.990873,-0.0955154,0,
-0.133432,0.0823931,0.987627,0,

-10.9196,-41.3437,-13.2087,

0.987155,0.103654,0.121576,0,
-0.0923986,0.991195,-0.0948364,0,
-0.130336,0.0823848,0.988041,0,

-10.9196,-41.3437,-13.2087,

0.986095,0.106616,0.127474,0,
-0.0947471,0.99088,-0.0958117,0,
-0.136527,0.0824016,0.987203,0,

-10.9196,-41.3437,-13.2087,

0.987155,0.103654,0.121576,0,
-0.0923986,0.991195,-0.0948364,0,
-0.130336,0.0823848,0.988041,0,

-10.9196,-41.3437,-13.2087,

0.987111,0.103681,0.121907,0,
-0.0928058,0.991448,-0.0917497,0,
-0.130377,0.0792535,0.988292,0,

-10.9196,-41.3188,-13.2064,

0.986821,0.10355,0.124345,0,
-0.0916074,0.990941,-0.0982088,0,
-0.133388,0.0855236,0.987367,0,

-10.9203,-41.3194,-13.1815,

0.986732,0.103611,0.125001,0,
-0.0924397,0.99145,-0.0920929,0,
-0.133474,0.0793159,0.987873,0,

-10.9413,-41.3194,-13.182,

0.986477,0.106697,0.124417,0,
-0.0951179,0.990867,-0.095574,0,
-0.133479,0.0824472,0.987616,0,

-10.9413,-41.3194,-13.182,

0.986726,0.103611,0.125048,0,
-0.0924353,0.99145,-0.0920973,0,
-0.133521,0.0793159,0.987867,0,

-10.9414,-41.2946,-13.1797,

0.986726,0.103611,0.125048,0,
-0.0924353,0.99145,-0.0920973,0,
-0.133521,0.0793159,0.987867,0,

-10.9414,-41.2946,-13.1797,

0.985787,0.109734,0.127213,0,
-0.0978386,0.990535,-0.0962704,0,
-0.136573,0.0824557,0.987192,0,

-10.9414,-41.2946,-13.1797,

0.986089,0.106621,0.127515,0,
-0.0947412,0.990875,-0.0958703,0,
-0.136573,0.0824557,0.987192,0,

-10.9414,-41.2697,-13.1775,

0.987106,0.103687,0.121948,0,
-0.0928001,0.991443,-0.0918083,0,
-0.130424,0.0793077,0.988281,0,

-10.9421,-41.2703,-13.1525,

0.986477,0.106702,0.124411,0,
-0.0951165,0.990862,-0.0956281,0,
-0.133478,0.0825013,0.987612,0,

-10.9421,-41.2703,-13.1525,

0.986089,0.106627,0.127509,0,
-0.0947399,0.99087,-0.0959244,0,
-0.136573,0.0825098,0.987188,0,

-10.9632,-41.2454,-13.1508,

0.986471,0.106702,0.124458,0,
-0.095112,0.990862,-0.0956326,0,
-0.133525,0.0825013,0.987605,0,

-10.9632,-41.2454,-13.1508,

0.986083,0.106627,0.127556,0,
-0.0947353,0.99087,-0.0959289,0,
-0.13662,0.0825098,0.987181,0,

-10.9639,-41.2211,-13.1236,

0.986425,0.106736,0.124793,0,
-0.0955277,0.99111,-0.0926025,0,
-0.133568,0.0794242,0.987852,0,

-10.9639,-41.2211,-13.1236,

0.9871,0.103697,0.121984,0,
-0.0927931,0.991433,-0.091921,0,
-0.13047,0.079416,0.988266,0,

-10.9639,-41.2211,-13.1236,

0.98672,0.103622,0.125083,0,
-0.0924282,0.991441,-0.09221,0,
-0.133568,0.0794242,0.987852,0,

-10.9639,-41.2211,-13.1236,

0.986471,0.106708,0.124452,0,
-0.0951106,0.990857,-0.0956868,0,
-0.133525,0.0825555,0.987601,0,

-10.985,-41.1963,-13.1218,

0.986465,0.106708,0.124499,0,
-0.0951061,0.990857,-0.0956913,0,
-0.133572,0.0825555,0.987595,0,

-10.9856,-41.1969,-13.0969,

0.986759,0.1036,0.124794,0,
-0.0920052,0.991182,-0.0953538,0,
-0.133572,0.0826096,0.98759,0,

-10.9856,-41.1969,-13.0969,

0.986465,0.106713,0.124493,0,
-0.0951048,0.990852,-0.0957454,0,
-0.133572,0.0826096,0.98759,0,

-10.9857,-41.172,-13.0946,

0.986465,0.106713,0.124493,0,
-0.0951048,0.990852,-0.0957454,0,
-0.133572,0.0826096,0.98759,0,

-10.9863,-41.1726,-13.0696,

0.987095,0.103708,0.122019,0,
-0.092786,0.991423,-0.0920337,0,
-0.130517,0.0795243,0.988252,0,

-10.9863,-41.1477,-13.0674,

0.986465,0.106719,0.124488,0,
-0.0951034,0.990847,-0.0957995,0,
-0.133572,0.0826637,0.987586,0,

-11.0074,-41.1477,-13.0679,

0.986459,0.106719,0.124534,0,
-0.0950989,0.990847,-0.095804,0,
-0.133619,0.0826637,0.987579,0,

-11.0074,-41.1477,-13.0679,

0.987089,0.103708,0.122066,0,
-0.0927817,0.991423,-0.0920381,0,
-0.130564,0.0795243,0.988245,0,

-11.0075,-41.1229,-13.0656,

0.987089,0.103708,0.122066,0,
-0.0927817,0.991423,-0.0920381,0,
-0.130564,0.0795243,0.988245,0,

-11.0081,-41.1235,-13.0407,

0.98646,0.106724,0.124529,0,
-0.0950975,0.990842,-0.0958581,0,
-0.133619,0.0827178,0.987575,0,

-11.0081,-41.1235,-13.0407,

0.987089,0.103713,0.12206,0,
-0.0927803,0.991419,-0.0920922,0,
-0.130564,0.0795784,0.988241,0,

-11.0082,-41.0986,-13.0384,

0.98646,0.106724,0.124529,0,
-0.0950975,0.990842,-0.0958581,0,
-0.133619,0.0827178,0.987575,0,

-11.0082,-41.0986,-13.0384,

0.986319,0.103563,0.128259,0,
-0.0920497,0.991433,-0.092669,0,
-0.136757,0.079595,0.987402,0,

-11.0088,-41.0992,-13.0135,

0.98646,0.10673,0.124523,0,
-0.0950962,0.990837,-0.0959122,0,
-0.133618,0.0827719,0.98757,0,

-11.0299,-41.0743,-13.0117,

0.987083,0.103719,0.122101,0,
-0.0927746,0.991414,-0.0921508,0,
-0.130611,0.0796326,0.98823,0,

-11.0299,-41.0743,-13.0117,

0.986066,0.106655,0.127667,0,
-0.094715,0.990844,-0.096213,0,
-0.13676,0.0827803,0.987139,0,

-11.0305,-41.0749,-12.9868,

0.987084,0.103724,0.122096,0,
-0.0927733,0.991409,-0.0922049,0,
-0.130611,0.0796867,0.988226,0,

-11.0306,-41.05,-12.9845,

0.987084,0.103724,0.122096,0,
-0.0927733,0.991409,-0.0922049,0,
-0.130611,0.0796867,0.988226,0,

-11.0306,-41.05,-12.9845,

0.986066,0.106661,0.127662,0,
-0.0947136,0.990839,-0.0962671,0,
-0.13676,0.0828344,0.987135,0,

-11.0306,-41.05,-12.9845,

0.986642,0.100433,0.128264,0,
-0.0885162,0.99149,-0.0954631,0,
-0.13676,0.0828344,0.987135,0,

-11.0307,-41.0252,-12.9823,

0.986359,0.103547,0.127963,0,
-0.0916153,0.991169,-0.0958655,0,
-0.13676,0.0828344,0.987135,0,

-11.0313,-41.0258,-12.9573,

0.986454,0.106741,0.124558,0,
-0.095089,0.990827,-0.096025,0,
-0.133665,0.0828802,0.987555,0,

-11.0313,-41.0258,-12.9573,

0.986066,0.106666,0.127656,0,
-0.0947123,0.990834,-0.0963212,0,
-0.13676,0.0828885,0.98713,0,

-11.0313,-41.0009,-12.9551,

0.987084,0.103729,0.12209,0,
-0.0927719,0.991404,-0.0922591,0,
-0.130611,0.0797409,0.988222,0,

-11.0313,-41.0009,-12.9551,

0.986408,0.106769,0.124898,0,
-0.0955064,0.99108,-0.0929408,0,
-0.133708,0.079749,0.987807,0,

-11.0319,-41.0015,-12.9301,

0.986408,0.106774,0.124893,0,
-0.0955051,0.991076,-0.092995,0,
-0.133708,0.0798031,0.987803,0,

-11.0319,-41.0015,-12.9301,

0.986454,0.106746,0.124552,0,
-0.0950876,0.990821,-0.0960791,0,
-0.133665,0.0829343,0.98755,0,

-11.0319,-41.0015,-12.9301,

0.986066,0.106672,0.12765,0,
-0.0947109,0.990829,-0.0963753,0,
-0.13676,0.0829426,0.987126,0,

-11.032,-40.9766,-12.9279,

0.987084,0.103735,0.122084,0,
-0.0927706,0.991399,-0.0923132,0,
-0.13061,0.079795,0.988217,0,

-11.032,-40.9766,-12.9279,

0.986748,0.103633,0.124853,0,
-0.0919881,0.991152,-0.0956873,0,
-0.133665,0.0829343,0.98755,0,

-11.032,-40.9766,-12.9279,

0.986066,0.106672,0.12765,0,
-0.0947109,0.990829,-0.0963753,0,
-0.13676,0.0829426,0.987126,0,

-11.032,-40.9766,-12.9279,

0.987084,0.103735,0.122084,0,
-0.0927706,0.991399,-0.0923132,0,
-0.13061,0.079795,0.988217,0,

-11.0326,-40.9772,-12.9029,

0.986748,0.103638,0.124848,0,
-0.0919868,0.991147,-0.0957415,0,
-0.133665,0.0829884,0.987546,0,

-11.0326,-40.9772,-12.9029,

0.986066,0.106677,0.127644,0,
-0.0947096,0.990824,-0.0964294,0,
-0.13676,0.0829967,0.987121,0,

-11.0327,-40.9523,-12.9007,

0.986703,0.103666,0.125179,0,
-0.0924044,0.991401,-0.0926563,0,
-0.133707,0.0798572,0.987798,0,

-11.0327,-40.9523,-12.9007,

0.986703,0.103666,0.125179,0,
-0.0924044,0.991401,-0.0926563,0,
-0.133707,0.0798572,0.987798,0,

-11.0327,-40.9523,-12.9007,

0.986454,0.106752,0.124546,0,
-0.0950863,0.990816,-0.0961332,0,
-0.133665,0.0829884,0.987546,0,

-11.0327,-40.9523,-12.9007,

0.986066,0.106677,0.127644,0,
-0.0947096,0.990824,-0.0964294,0,
-0.13676,0.0829967,0.987121,0,

-11.0327,-40.9523,-12.9007,

0.987084,0.10374,0.122079,0,
-0.0927692,0.991394,-0.0923674,0,
-0.13061,0.0798492,0.988213,0,

-11.0327,-40.9523,-12.9007,

0.986989,0.100551,0.125469,0,
-0.0893041,0.991722,-0.0922626,0,
-0.133707,0.0798572,0.987798,0,

-11.0327,-40.9523,-12.9007,

0.986703,0.103666,0.125179,0,
-0.0924044,0.991401,-0.0926563,0,
-0.133707,0.0798572,0.987798,0,

-11.0327,-40.9523,-12.9007,

0.986454,0.106752,0.124546,0,
-0.0950863,0.990816,-0.0961332,0,
-0.133665,0.0829884,0.987546,0,

-11.0333,-40.9529,-12.8757,

0.986455,0.106757,0.124541,0,
-0.0950849,0.990811,-0.0961873,0,
-0.133665,0.0830425,0.987541,0,

-11.0333,-40.9529,-12.8757,

0.986455,0.106757,0.124541,0,
-0.0950849,0.990811,-0.0961873,0,
-0.133665,0.0830425,0.987541,0,

-11.0333,-40.9529,-12.8757,

0.987371,0.10063,0.122363,0,
-0.0896664,0.99171,-0.0920375,0,
-0.13061,0.0799033,0.988209,0,

-11.0122,-40.9529,-12.8752,

0.98671,0.103671,0.125126,0,
-0.0924074,0.991396,-0.092706,0,
-0.13366,0.0799114,0.9878,0,

-11.0122,-40.9529,-12.8752,

0.98671,0.103671,0.125126,0,
-0.0924074,0.991396,-0.092706,0,
-0.13366,0.0799114,0.9878,0,

-11.0122,-40.9529,-12.8752,

0.986073,0.106683,0.127591,0,
-0.0947128,0.990819,-0.096479,0,
-0.136713,0.0830508,0.987123,0,

-11.0122,-40.9529,-12.8752,

0.986414,0.106785,0.124834,0,
-0.0955068,0.991066,-0.0930987,0,
-0.13366,0.0799114,0.9878,0,

-11.0122,-40.9529,-12.8752,

0.98646,0.106757,0.124494,0,
-0.0950895,0.990811,-0.0961828,0,
-0.133618,0.0830425,0.987548,0,

-11.0122,-40.9529,-12.8752,

0.98671,0.103671,0.125126,0,
-0.0924074,0.991396,-0.092706,0,
-0.13366,0.0799114,0.9878,0,

-11.0122,-40.9529,-12.8752,

0.986754,0.103644,0.124795,0,
-0.09199,0.991142,-0.0957912,0,
-0.133618,0.0830425,0.987548,0,

-11.0122,-40.9529,-12.8752,

0.98671,0.103671,0.125126,0,
-0.0924074,0.991396,-0.092706,0,
-0.13366,0.0799114,0.9878,0,

-11.0122,-40.9529,-12.8752,

0.987377,0.10063,0.122316,0,
-0.0896708,0.99171,-0.0920333,0,
-0.130563,0.0799033,0.988215,0,

-11.0116,-40.9523,-12.9001,

0.986995,0.100551,0.125422,0,
-0.0893085,0.991722,-0.0922583,0,
-0.133661,0.0798572,0.987804,0,

-11.0116,-40.9523,-12.9001,

0.986709,0.103666,0.125132,0,
-0.0924088,0.991401,-0.0926519,0,
-0.133661,0.0798572,0.987804,0,

-11.0116,-40.9523,-12.9001,

0.987046,0.103766,0.122363,0,
-0.0931815,0.991639,-0.0892757,0,
-0.130604,0.0767172,0.988462,0,

-11.0116,-40.9523,-12.9001,

0.986754,0.103638,0.124801,0,
-0.0919913,0.991147,-0.0957371,0,
-0.133618,0.0829884,0.987552,0,

-11.0116,-40.9523,-12.9001,

0.986709,0.103666,0.125132,0,
-0.0924088,0.991401,-0.0926519,0,
-0.133661,0.0798572,0.987804,0,

-11.0116,-40.9523,-12.9001,

0.986072,0.106677,0.127597,0,
-0.0947142,0.990824,-0.0964249,0,
-0.136713,0.0829967,0.987128,0,

-11.0115,-40.9772,-12.9024,

0.987334,0.10065,0.122643,0,
-0.0900802,0.99196,-0.0888908,0,
-0.130604,0.0767172,0.988462,0,

-11.0115,-40.9772,-12.9024,

0.98646,0.106752,0.124499,0,
-0.0950908,0.990816,-0.0961287,0,
-0.133618,0.0829884,0.987552,0,

-11.0115,-40.9772,-12.9024,

0.986709,0.103666,0.125132,0,
-0.0924088,0.991401,-0.0926519,0,
-0.133661,0.0798572,0.987804,0,

-11.0115,-40.9772,-12.9024,

0.986709,0.103666,0.125132,0,
-0.0924088,0.991401,-0.0926519,0,
-0.133661,0.0798572,0.987804,0,

-11.0115,-40.9772,-12.9024,

0.986414,0.10678,0.12484,0,
-0.0955081,0.991071,-0.0930446,0,
-0.133661,0.0798572,0.987804,0,

-11.0115,-40.9772,-12.9024,

0.987046,0.103766,0.122363,0,
-0.0931815,0.991639,-0.0892757,0,
-0.130604,0.0767172,0.988462,0,

-11.0115,-40.9772,-12.9024,

0.986414,0.10678,0.12484,0,
-0.0955081,0.991071,-0.0930446,0,
-0.133661,0.0798572,0.987804,0,

-11.0115,-40.9772,-12.9024,

0.98646,0.106752,0.124499,0,
-0.0950908,0.990816,-0.0961287,0,
-0.133618,0.0829884,0.987552,0,

-11.0115,-40.9772,-12.9024,

0.987046,0.103766,0.122363,0,
-0.0931815,0.991639,-0.0892757,0,
-0.130604,0.0767172,0.988462,0,

-11.0115,-40.9772,-12.9024,

0.986754,0.103638,0.124801,0,
-0.0919913,0.991147,-0.0957371,0,
-0.133618,0.0829884,0.987552,0,

-11.0115,-40.9772,-12.9024,

0.986072,0.106677,0.127597,0,
-0.0947142,0.990824,-0.0964249,0,
-0.136713,0.0829967,0.987128,0,

-11.0115,-40.9772,-12.9024,

0.985978,0.106733,0.128278,0,
-0.0955682,0.991322,-0.0902585,0,
-0.136798,0.0767336,0.987622,0,

-11.0115,-40.9772,-12.9024,

0.986414,0.10678,0.12484,0,
-0.0955081,0.991071,-0.0930446,0,
-0.133661,0.0798572,0.987804,0,

-11.0115,-40.9772,-12.9024,

0.98646,0.106752,0.124499,0,
-0.0950908,0.990816,-0.0961287,0,
-0.133618,0.0829884,0.987552,0,

-11.0115,-40.9772,-12.9024,

0.98709,0.10374,0.122032,0,
-0.0927736,0.991394,-0.0923629,0,
-0.130563,0.0798492,0.988219,0,

-11.0115,-40.9772,-12.9024,

0.987046,0.103766,0.122363,0,
-0.0931815,0.991639,-0.0892757,0,
-0.130604,0.0767172,0.988462,0,

-11.0115,-40.9772,-12.9024,

0.986709,0.103666,0.125132,0,
-0.0924088,0.991401,-0.0926519,0,
-0.133661,0.0798572,0.987804,0,

-11.0115,-40.9772,-12.9024,

0.986709,0.103666,0.125132,0,
-0.0924088,0.991401,-0.0926519,0,
-0.133661,0.0798572,0.987804,0,

-11.0115,-40.9772,-12.9024,

0.986414,0.10678,0.12484,0,
-0.0955081,0.991071,-0.0930446,0,
-0.133661,0.0798572,0.987804,0,

-11.0122,-40.9778,-12.8774,

0.98671,0.103671,0.125126,0,
-0.0924074,0.991396,-0.092706,0,
-0.13366,0.0799114,0.9878,0,

-11.0122,-40.9778,-12.8774,

0.98709,0.103745,0.122026,0,
-0.0927723,0.991389,-0.0924171,0,
-0.130563,0.0799033,0.988215,0,

-11.0122,-40.9529,-12.8752,

0.98646,0.106757,0.124494,0,
-0.0950895,0.990811,-0.0961828,0,
-0.133618,0.0830425,0.987548,0,

-11.0122,-40.9529,-12.8752,

0.98671,0.103671,0.125126,0,
-0.0924074,0.991396,-0.092706,0,
-0.13366,0.0799114,0.9878,0,

-11.0122,-40.9529,-12.8752,

0.986665,0.103697,0.125457,0,
-0.092825,0.991641,-0.0896201,0,
-0.133702,0.0767794,0.988043,0,

-11.0122,-40.9529,-12.8752,

0.98646,0.106757,0.124494,0,
-0.0950895,0.990811,-0.0961828,0,
-0.133618,0.0830425,0.987548,0,

-11.0333,-40.9529,-12.8757,

0.986408,0.106785,0.124881,0,
-0.0955024,0.991066,-0.0931032,0,
-0.133707,0.0799114,0.987794,0,

-11.0333,-40.9529,-12.8757,

0.986704,0.103671,0.125173,0,
-0.092403,0.991396,-0.0927104,0,
-0.133707,0.0799114,0.987794,0,

-11.0333,-40.9529,-12.8757,

0.986704,0.103671,0.125173,0,
-0.092403,0.991396,-0.0927104,0,
-0.133707,0.0799114,0.987794,0,

-11.0333,-40.9529,-12.8757,

0.986704,0.103671,0.125173,0,
-0.092403,0.991396,-0.0927104,0,
-0.133707,0.0799114,0.987794,0,

-11.0333,-40.9529,-12.8757,

0.986704,0.103671,0.125173,0,
-0.092403,0.991396,-0.0927104,0,
-0.133707,0.0799114,0.987794,0,

-11.0333,-40.9529,-12.8757,

0.986704,0.103671,0.125173,0,
-0.092403,0.991396,-0.0927104,0,
-0.133707,0.0799114,0.987794,0,

-11.0333,-40.9529,-12.8757,

0.986748,0.103644,0.124842,0,
-0.0919854,0.991142,-0.0957956,0,
-0.133665,0.0830425,0.987541,0,

-11.0333,-40.9529,-12.8757,

0.986455,0.106757,0.124541,0,
-0.0950849,0.990811,-0.0961873,0,
-0.133665,0.0830425,0.987541,0,

-11.0339,-40.9535,-12.8507,

0.986455,0.106763,0.124535,0,
-0.0950836,0.990806,-0.0962414,0,
-0.133665,0.0830966,0.987537,0,

-11.0339,-40.9535,-12.8507,

0.986067,0.106689,0.127632,0,
-0.0947069,0.990813,-0.0965376,0,
-0.136759,0.0831049,0.987112,0,

-11.0339,-40.9535,-12.8507,

0.987084,0.103751,0.122067,0,
-0.0927665,0.991384,-0.0924756,0,
-0.13061,0.0799575,0.988204,0,

-11.0339,-40.9535,-12.8507,

0.986704,0.103677,0.125167,0,
-0.0924017,0.991391,-0.0927646,0,
-0.133707,0.0799655,0.987789,0,

-11.034,-40.9286,-12.8485,

0.986704,0.103677,0.125167,0,
-0.0924017,0.991391,-0.0927646,0,
-0.133707,0.0799655,0.987789,0,

-11.034,-40.9286,-12.8485,

0.986704,0.103677,0.125167,0,
-0.0924017,0.991391,-0.0927646,0,
-0.133707,0.0799655,0.987789,0,

-11.034,-40.9286,-12.8485,

0.986019,0.106717,0.127973,0,
-0.095134,0.991068,-0.0934549,0,
-0.136803,0.0799738,0.987365,0,

-11.034,-40.9286,-12.8485,

0.987084,0.103751,0.122067,0,
-0.0927665,0.991384,-0.0924756,0,
-0.13061,0.0799575,0.988204,0,

-11.034,-40.9286,-12.8485,

0.986409,0.106791,0.124875,0,
-0.095501,0.991061,-0.0931573,0,
-0.133707,0.0799655,0.987789,0,

-11.034,-40.9286,-12.8485,

0.986455,0.106763,0.124535,0,
-0.0950836,0.990806,-0.0962414,0,
-0.133665,0.0830966,0.987537,0,

-11.034,-40.9286,-12.8485,

0.986704,0.103677,0.125167,0,
-0.0924017,0.991391,-0.0927646,0,
-0.133707,0.0799655,0.987789,0,

-11.0346,-40.9292,-12.8235,

0.986989,0.100567,0.125453,0,
-0.0893001,0.991707,-0.0924251,0,
-0.133707,0.0800196,0.987785,0,

-11.0346,-40.9292,-12.8235,

0.986749,0.103655,0.124831,0,
-0.0919827,0.991131,-0.0959039,0,
-0.133665,0.0831507,0.987532,0,

-11.0346,-40.9292,-12.8235,

0.987041,0.103782,0.122393,0,
-0.0931733,0.991624,-0.0894426,0,
-0.13065,0.0768797,0.988443,0,

-11.0346,-40.9292,-12.8235,

0.986743,0.106897,0.122111,0,
-0.0962737,0.991293,-0.0898266,0,
-0.13065,0.0768797,0.988443,0,

-11.0346,-40.9292,-12.8235,

0.986067,0.106694,0.127627,0,
-0.0947056,0.990808,-0.0965918,0,
-0.136759,0.083159,0.987108,0,

-11.0346,-40.9292,-12.8235,

0.987041,0.103782,0.122393,0,
-0.0931733,0.991624,-0.0894426,0,
-0.13065,0.0768797,0.988443,0,

-11.0346,-40.9292,-12.8235,

0.986749,0.103655,0.124831,0,
-0.0919827,0.991131,-0.0959039,0,
-0.133665,0.0831507,0.987532,0,

-11.0346,-40.9292,-12.8235,

0.986989,0.100567,0.125453,0,
-0.0893001,0.991707,-0.0924251,0,
-0.133707,0.0800196,0.987785,0,

-11.0346,-40.9292,-12.8235,

0.986704,0.103682,0.125162,0,
-0.0924003,0.991386,-0.0928187,0,
-0.133707,0.0800196,0.987785,0,

-11.0346,-40.9292,-12.8235,

0.986704,0.103682,0.125162,0,
-0.0924003,0.991386,-0.0928187,0,
-0.133707,0.0800196,0.987785,0,

-11.0346,-40.9292,-12.8235,

0.986704,0.103682,0.125162,0,
-0.0924003,0.991386,-0.0928187,0,
-0.133707,0.0800196,0.987785,0,

-11.0346,-40.9044,-12.8213,

0.987041,0.103782,0.122393,0,
-0.0931733,0.991624,-0.0894426,0,
-0.13065,0.0768797,0.988443,0,

-11.0353,-40.9049,-12.7963,

0.986989,0.100573,0.125447,0,
-0.0892987,0.991702,-0.0924792,0,
-0.133707,0.0800738,0.987781,0,

-11.0353,-40.9049,-12.7963,

0.987371,0.100646,0.122346,0,
-0.0896624,0.991695,-0.0922,0,
-0.13061,0.0800658,0.988196,0,

-11.0353,-40.9049,-12.7963,

0.986704,0.103688,0.125156,0,
-0.092399,0.991381,-0.0928729,0,
-0.133707,0.0800738,0.987781,0,

-11.0353,-40.9049,-12.7963,

0.987041,0.103788,0.122387,0,
-0.0931719,0.99162,-0.0894967,0,
-0.13065,0.0769339,0.988439,0,

-11.0353,-40.9049,-12.7963,

0.986704,0.103688,0.125156,0,
-0.092399,0.991381,-0.0928729,0,
-0.133707,0.0800738,0.987781,0,

-11.0353,-40.9049,-12.7963,

0.986409,0.106802,0.124863,0,
-0.0954983,0.991051,-0.0932656,0,
-0.133707,0.0800738,0.987781,0,

-11.0353,-40.9049,-12.7963,

0.986314,0.103614,0.128254,0,
-0.0920332,0.991388,-0.0931607,0,
-0.136803,0.080082,0.987356,0,

-11.0353,-40.8801,-12.7941,

0.987371,0.100646,0.122346,0,
-0.0896624,0.991695,-0.0922,0,
-0.13061,0.0800658,0.988196,0,

-11.0353,-40.8801,-12.7941,

0.986989,0.100573,0.125447,0,
-0.0892987,0.991702,-0.0924792,0,
-0.133707,0.0800738,0.987781,0,

-11.0353,-40.8801,-12.7941,

0.986704,0.103688,0.125156,0,
-0.092399,0.991381,-0.0928729,0,
-0.133707,0.0800738,0.987781,0,

-11.0353,-40.8801,-12.7941,

0.987085,0.103761,0.122056,0,
-0.0927639,0.991374,-0.0925839,0,
-0.13061,0.0800658,0.988196,0,

-11.0353,-40.8801,-12.7941,

0.987041,0.103788,0.122387,0,
-0.0931719,0.99162,-0.0894967,0,
-0.13065,0.0769339,0.988439,0,

-11.0354,-40.8552,-12.7918,

0.986455,0.106774,0.124523,0,
-0.0950809,0.990796,-0.0963497,0,
-0.133664,0.0832049,0.987528,0,

-11.0354,-40.8552,-12.7918,

0.987041,0.103788,0.122387,0,
-0.0931719,0.99162,-0.0894967,0,
-0.13065,0.0769339,0.988439,0,

-11.0354,-40.8552,-12.7918,

0.987041,0.103788,0.122387,0,
-0.0931719,0.99162,-0.0894967,0,
-0.13065,0.0769339,0.988439,0,

-11.0354,-40.8552,-12.7918,

0.986704,0.103688,0.125156,0,
-0.092399,0.991381,-0.0928729,0,
-0.133707,0.0800738,0.987781,0,

-11.0354,-40.8303,-12.7896,

0.987041,0.103788,0.122387,0,
-0.0931719,0.99162,-0.0894967,0,
-0.13065,0.0769339,0.988439,0,

-11.015,-40.8309,-12.7641,

0.987047,0.103793,0.122335,0,
-0.0931748,0.991615,-0.0895465,0,
-0.130603,0.076988,0.988441,0,

-11.015,-40.8309,-12.7641,

0.986073,0.106706,0.127568,0,
-0.0947075,0.990798,-0.0966955,0,
-0.136712,0.0832672,0.987105,0,

-11.015,-40.806,-12.7619,

0.98709,0.103767,0.122004,0,
-0.0927669,0.991369,-0.0926337,0,
-0.130563,0.0801199,0.988197,0,

-11.015,-40.806,-12.7619,

0.987047,0.103793,0.122335,0,
-0.0931748,0.991615,-0.0895465,0,
-0.130603,0.076988,0.988441,0,

-11.015,-40.806,-12.7619,

0.98632,0.10362,0.128202,0,
-0.0920363,0.991383,-0.0932104,0,
-0.136756,0.0801361,0.987358,0,

-11.015,-40.806,-12.7619,

0.98709,0.103767,0.122004,0,
-0.0927669,0.991369,-0.0926337,0,
-0.130563,0.0801199,0.988197,0,

-11.0151,-40.7812,-12.7596,

0.986073,0.106706,0.127568,0,
-0.0947075,0.990798,-0.0966955,0,
-0.136712,0.0832672,0.987105,0,

-11.0151,-40.7812,-12.7596,

0.98632,0.10362,0.128202,0,
-0.0920363,0.991383,-0.0932104,0,
-0.136756,0.0801361,0.987358,0,

-11.0151,-40.7812,-12.7596,

0.986415,0.106807,0.124811,0,
-0.0955014,0.991046,-0.0933152,0,
-0.13366,0.0801279,0.987783,0,

-11.0151,-40.7563,-12.7574,

0.986461,0.106779,0.12447,0,
-0.0950841,0.990791,-0.0963993,0,
-0.133617,0.083259,0.987529,0,

-11.0157,-40.7569,-12.7324,

0.986415,0.106813,0.124805,0,
-0.0955001,0.991041,-0.0933693,0,
-0.13366,0.080182,0.987778,0,

-11.0158,-40.732,-12.7302,

0.986665,0.103725,0.125429,0,
-0.0928183,0.991617,-0.0898909,0,
-0.133701,0.0770502,0.988022,0,

-11.0158,-40.732,-12.7302,

0.986073,0.106711,0.127562,0,
-0.0947061,0.990793,-0.0967496,0,
-0.136712,0.0833213,0.9871,0,

-11.0158,-40.732,-12.7302,

0.987335,0.100682,0.12261,0,
-0.0900721,0.991931,-0.0892159,0,
-0.130603,0.0770422,0.988437,0,

-10.9948,-40.7071,-12.7275,

0.986716,0.103699,0.125051,0,
-0.0924051,0.991372,-0.0929724,0,
-0.133613,0.080182,0.987785,0,

-10.9948,-40.7071,-12.7275,

0.986716,0.103699,0.125051,0,
-0.0924051,0.991372,-0.0929724,0,
-0.133613,0.080182,0.987785,0,

-10.9954,-40.7077,-12.7025,

0.987341,0.100688,0.122557,0,
-0.090075,0.991926,-0.0892658,0,
-0.130556,0.0770964,0.988439,0,

-10.9954,-40.6828,-12.7003,

0.987053,0.103804,0.122276,0,
-0.0931764,0.991605,-0.0896504,0,
-0.130556,0.0770964,0.988439,0,

-10.9954,-40.6828,-12.7003,

0.986716,0.103704,0.125045,0,
-0.0924038,0.991367,-0.0930265,0,
-0.133613,0.0802361,0.98778,0,

-10.9954,-40.6828,-12.7003,

0.986421,0.106818,0.124752,0,
-0.0955032,0.991036,-0.0934189,0,
-0.133613,0.0802361,0.98778,0,

-10.9955,-40.6579,-12.698,

0.986958,0.100615,0.125658,0,
-0.089721,0.991933,-0.0895463,0,
-0.133654,0.0771043,0.988024,0,

-10.9962,-40.6336,-12.6709,

0.987097,0.103783,0.12194,0,
-0.0927673,0.991355,-0.0927917,0,
-0.130516,0.0802824,0.98819,0,

-10.9962,-40.6336,-12.6709,

0.986755,0.106924,0.121988,0,
-0.0962755,0.991269,-0.0900882,0,
-0.130556,0.0771505,0.988435,0,

-10.9962,-40.6336,-12.6709,

0.987097,0.103783,0.12194,0,
-0.0927673,0.991355,-0.0927917,0,
-0.130516,0.0802824,0.98819,0,

-10.9962,-40.6088,-12.6686,

0.987097,0.103783,0.12194,0,
-0.0927673,0.991355,-0.0927917,0,
-0.130516,0.0802824,0.98819,0,

-10.9751,-40.6088,-12.6681,

0.987103,0.103783,0.121893,0,
-0.0927717,0.991355,-0.0927873,0,
-0.130469,0.0802824,0.988197,0,

-10.9752,-40.5839,-12.6659,

0.987666,0.0975517,0.122473,0,
-0.0865678,0.991987,-0.0920196,0,
-0.130469,0.0802824,0.988197,0,

-10.9758,-40.5845,-12.6409,

0.986723,0.103715,0.124987,0,
-0.0924055,0.991357,-0.0931304,0,
-0.133566,0.0803444,0.987778,0,

-10.9758,-40.5596,-12.6387,

0.986723,0.103715,0.124987,0,
-0.0924055,0.991357,-0.0931304,0,
-0.133566,0.0803444,0.987778,0,

-10.9758,-40.5596,-12.6387,

0.986723,0.103715,0.124987,0,
-0.0924055,0.991357,-0.0931304,0,
-0.133566,0.0803444,0.987778,0,

-10.9759,-40.5347,-12.6365,

0.986473,0.106801,0.124353,0,
-0.0950879,0.99077,-0.0966067,0,
-0.133523,0.0834754,0.987524,0,

-10.9766,-40.5104,-12.6093,

0.987008,0.100606,0.125274,0,
-0.0893039,0.991673,-0.0927915,0,
-0.133566,0.0803985,0.987773,0,

-10.9766,-40.5104,-12.6093,

0.987103,0.103793,0.121882,0,
-0.092769,0.991345,-0.0928956,0,
-0.130469,0.0803906,0.988188,0,

-10.9555,-40.4855,-12.6066,

0.987065,0.10382,0.122166,0,
-0.0931809,0.991591,-0.089804,0,
-0.130462,0.0772588,0.988439,0,

-10.9556,-40.4607,-12.6043,

0.987109,0.103793,0.121835,0,
-0.0927734,0.991345,-0.0928912,0,
-0.130422,0.0803906,0.988194,0,

-10.9562,-40.4613,-12.5794,

0.986773,0.103699,0.124598,0,
-0.0919903,0.99109,-0.0963194,0,
-0.133476,0.0835837,0.987521,0,

-10.9562,-40.4613,-12.5794,

0.987225,0.106956,0.118096,0,
-0.0958403,0.990746,-0.0961143,0,
-0.127283,0.0835682,0.98834,0,

-10.9562,-40.4364,-12.5772,

0.98648,0.106812,0.124295,0,
-0.0950898,0.99076,-0.0967104,0,
-0.133476,0.0835837,0.987521,0,

-10.9563,-40.4115,-12.5749,

0.986729,0.103726,0.124929,0,
-0.0924073,0.991347,-0.0932343,0,
-0.133519,0.0804527,0.987775,0,

-10.9358,-40.4121,-12.5495,

0.987071,0.10383,0.122108,0,
-0.0931825,0.991581,-0.0899079,0,
-0.130415,0.0773672,0.988436,0,

-10.9359,-40.3872,-12.5472,

0.987401,0.100689,0.122068,0,
-0.0896736,0.991656,-0.092612,0,
-0.130375,0.0804989,0.988191,0,

-10.936,-40.3374,-12.5428,

0.98644,0.106846,0.124583,0,
-0.0955098,0.991011,-0.0936759,0,
-0.133472,0.0805068,0.987777,0,

-10.9366,-40.338,-12.5179,

0.986486,0.106823,0.124236,0,
-0.0950918,0.990749,-0.0968141,0,
-0.133429,0.0836919,0.987518,0,

-10.9155,-40.3131,-12.5151,

0.987077,0.103836,0.122055,0,
-0.0931854,0.991577,-0.0899576,0,
-0.130368,0.0774213,0.988438,0,

-10.9156,-40.2883,-12.5129,

0.986446,0.106851,0.12453,0,
-0.0955129,0.991006,-0.0937255,0,
-0.133425,0.0805609,0.987779,0,

-10.9156,-40.2883,-12.5129,

0.987365,0.10072,0.122337,0,
-0.090084,0.991898,-0.0895737,0,
-0.130368,0.0774213,0.988438,0,

-10.9163,-40.2391,-12.4835,

0.987027,0.100628,0.125111,0,
-0.0893117,0.991653,-0.0929954,0,
-0.133425,0.080615,0.987775,0,

-10.8952,-40.2391,-12.483,

0.987083,0.103841,0.122002,0,
-0.0931884,0.991572,-0.0900073,0,
-0.130321,0.0774755,0.98844,0,

-10.8952,-40.2142,-12.4808,

0.986747,0.103743,0.124771,0,
-0.0924166,0.991332,-0.0933836,0,
-0.133378,0.080615,0.987781,0,

-10.8953,-40.1893,-12.4786,

0.986747,0.103743,0.124771,0,
-0.0924166,0.991332,-0.0933836,0,
-0.133378,0.080615,0.987781,0,

-10.8953,-40.1644,-12.4764,

0.986452,0.106856,0.124477,0,
-0.0955161,0.991001,-0.0937751,0,
-0.133378,0.080615,0.987781,0,

-10.875,-40.1152,-12.4465,

0.987377,0.100731,0.122232,0,
-0.0900898,0.991888,-0.0896735,0,
-0.130274,0.0775296,0.988442,0,

-10.875,-40.0904,-12.4443,

0.987377,0.100731,0.122232,0,
-0.0900898,0.991888,-0.0896735,0,
-0.130274,0.0775296,0.988442,0,

-10.8539,-40.0655,-12.4416,

0.987095,0.103846,0.121903,0,
-0.0931956,0.991567,-0.0900526,0,
-0.130227,0.0775296,0.988448,0,

-10.854,-40.0406,-12.4394,

0.987095,0.103846,0.121903,0,
-0.0931956,0.991567,-0.0900526,0,
-0.130227,0.0775296,0.988448,0,

-10.8546,-40.0412,-12.4145,

0.986464,0.106867,0.124372,0,
-0.0955223,0.990991,-0.0938743,0,
-0.133284,0.0807233,0.987785,0,

-10.8336,-39.9914,-12.4096,

0.9871,0.103852,0.121851,0,
-0.0931985,0.991562,-0.0901024,0,
-0.13018,0.0775838,0.98845,0,

-10.8337,-39.9665,-12.4074,

0.9871,0.103852,0.121851,0,
-0.0931985,0.991562,-0.0901024,0,
-0.13018,0.0775838,0.98845,0,

-10.8337,-39.9417,-12.4052,

0.98681,0.103726,0.124289,0,
-0.0920111,0.991065,-0.0965639,0,
-0.133194,0.0838542,0.987536,0,

-10.8338,-39.9168,-12.403,

0.9871,0.103852,0.121851,0,
-0.0931985,0.991562,-0.0901024,0,
-0.13018,0.0775838,0.98845,0,

-10.8133,-39.8925,-12.3754,

0.986476,0.106873,0.124273,0,
-0.0955299,0.990986,-0.0939193,0,
-0.13319,0.0807774,0.987793,0,

-10.7924,-39.8178,-12.3683,

0.987442,0.100716,0.121712,0,
-0.0896978,0.991631,-0.092853,0,
-0.130046,0.0807697,0.988213,0,

-10.793,-39.7935,-12.3411,

0.986482,0.106878,0.12422,0,
-0.0955331,0.990981,-0.0939689,0,
-0.133143,0.0808315,0.987795,0,

-10.772,-39.7437,-12.3363,

0.987069,0.10065,0.124761,0,
-0.0893374,0.991633,-0.0931823,0,
-0.133096,0.0808315,0.987801,0,

-10.772,-39.7437,-12.3363,

0.986534,0.10685,0.123833,0,
-0.095122,0.990724,-0.0970485,0,
-0.133053,0.0839624,0.987546,0,

-10.7721,-39.7189,-12.3341,

0.986783,0.103765,0.124468,0,
-0.0924379,0.991312,-0.0935738,0,
-0.133096,0.0808315,0.987801,0,

-10.751,-39.6691,-12.3292,

0.986154,0.106779,0.126884,0,
-0.0947501,0.990731,-0.0973405,0,
-0.136102,0.0839704,0.98713,0,

-10.7517,-39.6448,-12.3021,

0.987124,0.103868,0.121646,0,
-0.0932117,0.991548,-0.0902471,0,
-0.129992,0.0777463,0.988462,0,

-10.7307,-39.595,-12.2973,

0.98713,0.103868,0.121599,0,
-0.093216,0.991548,-0.0902427,0,
-0.129945,0.0777463,0.988468,0,

-10.7308,-39.5452,-12.2929,

0.986795,0.10377,0.124368,0,
-0.0924455,0.991307,-0.0936192,0,
-0.133002,0.0808857,0.98781,0,

-10.7104,-39.4712,-12.261,

0.986801,0.103776,0.124316,0,
-0.0924486,0.991302,-0.093669,0,
-0.132955,0.0809398,0.987812,0,

-10.6894,-39.4214,-12.2561,

0.986172,0.10679,0.126732,0,
-0.0947614,0.99072,-0.0974352,0,
